0.000000 4.644524 7.150893 10.160033 13.071444 15.441426 19.608658 19.081145 15.982219 11.847941 10.308730 6.653421 8.984807 7.702914 10.057963 10.690722 14.251936 17.386693 16.715752 14.840011 16.445580 17.111503 16.850680 19.350678 20.712324 20.172997 21.807357 24.791775 25.513062 31.506730 29.401585 27.918960 29.578468 20.865505 18.514721 16.134056 16.436995 14.651732 18.276547 17.175188 20.331329 20.358727 19.582067 20.536603 17.990604 17.939648 20.209259 18.439431 16.491205 12.297229 10.935177 13.215705 14.085618 16.543385 12.603585 13.298818 13.102436 8.541170 8.197359 6.988573 4.843912 9.546448 10.485218 14.273672 15.640535 18.746298 22.523845 24.200994 26.674368 32.890327 18.118396 19.594503 
4.644524 0.000000 4.475917 5.765612 9.286094 11.031410 15.213057 14.578462 11.437910 7.516989 5.746578 3.049548 6.759464 8.113081 10.045035 9.616096 12.293314 15.206973 14.270092 11.976203 13.233866 13.442092 12.790381 15.303247 16.645052 15.846550 17.333057 20.352887 21.285767 27.583963 25.556382 24.570289 26.382165 17.343708 15.450075 13.230100 14.699467 14.038952 18.132010 18.009510 21.083716 20.624292 19.181006 19.351036 16.023116 16.409695 18.060229 16.978489 16.067968 11.361785 10.981609 13.520457 14.167848 16.962930 13.408791 13.826942 15.036408 10.816029 10.637642 7.696861 5.081331 8.911920 7.759555 11.512202 11.786826 15.144901 18.612547 20.707536 23.902001 29.980819 14.762719 17.531868 
7.150893 4.475917 0.000000 4.623037 6.110314 9.413668 13.547598 13.644505 10.974641 8.410260 7.222304 6.874471 9.916190 11.546592 13.036671 12.006713 13.346096 14.740706 14.476067 11.957612 12.226034 13.585303 12.373488 14.362860 16.339825 15.824923 16.778070 19.820288 20.299936 26.564020 23.925146 22.273563 23.371468 13.964172 12.383039 9.343862 10.849691 10.056628 14.596413 15.277434 18.310135 17.465419 15.711438 16.059078 12.797823 14.239489 16.381777 16.374894 16.265655 11.716217 11.482718 13.609163 13.370359 15.183004 11.685392 10.806481 12.827392 9.127071 9.101602 6.209112 3.613685 5.007521 3.453592 7.352789 8.640155 11.655572 15.519010 17.066664 19.728721 25.914382 14.364840 17.067205 
10.160033 5.765612 4.623037 0.000000 4.189249 5.367736 9.632050 9.340324 6.487488 4.659780 3.843807 6.335035 9.369286 12.578251 13.761799 12.253580 12.927211 14.390927 13.604952 10.872885 10.820662 11.033967 9.309321 11.333338 13.050520 11.988819 12.752420 15.841008 16.837842 23.542267 21.246675 20.569749 22.079582 12.421783 11.692965 9.339228 12.478594 13.143804 17.579394 18.820515 21.629761 20.529212 18.336266 17.749408 13.753499 15.284436 16.347132 16.783698 17.439244 12.807200 13.409938 15.683687 15.635408 17.996918 15.085685 14.573222 17.148698 13.698115 13.568589 9.919207 8.053968 9.043157 5.248126 7.908396 6.400945 10.002053 12.999205 15.490513 19.300751 25.113600 12.395310 16.682212 
13.071444 9.286094 6.110314 4.189249 0.000000 4.513102 8.090274 8.901635 7.241628 7.719918 7.735152 10.370500 13.019799 16.103294 17.079181 15.300381 15.022300 15.072855 14.896320 12.180683 11.047416 12.261409 10.029823 11.151654 13.443122 12.693545 12.674012 15.607381 16.122697 22.695424 19.798708 18.576777 19.260742 8.972631 9.303547 6.025386 10.035053 11.152701 15.689942 17.855707 20.424802 18.913196 16.360092 15.701219 11.753930 14.468015 15.717899 17.313443 18.738701 14.489845 15.217956 17.076031 16.357091 17.816547 15.274455 13.725771 16.943738 14.246171 14.187226 10.880413 9.600851 8.384659 3.981580 4.617102 2.620143 6.172223 9.470955 11.567172 15.113075 20.967773 13.013031 17.217356 
15.441426 11.031410 9.413668 5.367736 4.513102 0.000000 4.281698 4.463237 3.055847 5.989506 7.239106 11.108792 13.644905 17.466818 18.350402 16.493469 16.093377 16.553864 15.817428 13.155913 12.038983 11.778675 9.220565 10.211998 11.909529 10.342076 9.875461 12.778160 14.153784 21.194838 18.854742 18.920518 20.067988 10.167191 11.495039 9.461759 13.955085 15.603183 19.959216 22.139563 24.637855 23.106811 20.447498 19.260313 15.022182 17.383540 17.700286 19.305337 20.993749 16.724619 17.835763 19.880282 19.513285 21.527491 19.168415 18.097316 21.267067 18.284785 17.927453 14.010469 13.005705 12.723218 8.307894 8.772066 4.374963 7.597474 8.629668 12.205775 16.727931 21.825077 13.165523 18.581415 
19.608658 15.213057 13.547598 9.632050 8.090274 4.281698 0.000000 2.448466 4.764952 9.186508 11.090188 15.146261 17.526323 21.543678 22.325982 20.372725 19.551564 19.537232 18.830333 16.345759 14.787592 14.206639 11.490365 11.634210 13.021053 11.194431 9.658444 11.948878 13.667660 20.615255 18.386115 19.150124 19.910984 10.651961 13.450982 11.825992 16.648066 18.668129 22.868912 25.528649 27.825019 26.070673 23.209330 21.741285 17.576721 20.318005 20.190744 22.398198 24.578355 20.545464 21.851432 23.785504 23.285868 25.090514 23.009759 21.643492 25.019196 22.240054 21.677150 17.646320 17.120823 16.415795 12.060130 11.605299 6.781426 8.448814 6.674495 11.236159 15.991973 20.102414 15.526673 21.336121 
19.081145 14.578462 13.644505 9.340324 8.901635 4.463237 2.448466 0.000000 3.248161 7.863455 10.017146 14.135633 16.463520 20.583021 21.390924 19.549690 19.019296 19.578489 18.554118 16.099645 14.933178 13.705400 11.153438 11.666752 12.636913 10.430869 9.205338 11.574487 13.795482 20.881142 19.090544 20.288504 21.540111 12.517433 14.726195 13.304019 18.005949 19.911989 24.184564 26.523244 28.938020 27.327766 24.563256 23.083074 18.794129 21.097379 20.814923 22.569561 24.499640 20.360375 21.678405 23.764320 23.543986 25.740345 23.529752 22.540694 25.724294 22.639618 22.005466 17.785162 17.169170 17.130156 12.744359 12.928621 8.166624 10.376615 9.097169 13.563657 18.409776 22.538373 15.384803 21.412493 
15.982219 11.437910 10.974641 6.487488 7.241628 3.055847 4.764952 3.248161 0.000000 4.777832 6.835880 10.898715 13.380256 17.407021 18.325738 16.621185 16.562083 17.704331 16.539908 13.984405 13.307334 12.044014 9.697930 10.946326 11.987005 9.853113 9.538358 12.353712 14.416166 21.576309 19.799466 20.608657 22.199743 12.822175 13.993808 12.389160 16.753689 18.322879 22.688133 24.586005 27.164297 25.759403 23.183511 21.917991 17.597341 19.494598 19.474882 20.644987 22.114164 17.776385 18.940008 21.160561 21.144523 23.603181 21.156008 20.490441 23.418007 20.087975 19.525785 15.320918 14.410234 14.963440 10.669032 11.679925 7.421060 10.490826 10.781362 14.765798 19.472451 24.242362 13.911607 19.703342 
11.847941 7.516989 8.410260 4.659780 7.719918 5.989506 9.186508 7.863455 4.777832 0.000000 4.225126 7.073168 10.451313 13.873782 15.281770 14.148609 15.416072 17.683103 16.354526 13.771003 14.033784 12.888991 11.194283 13.284702 14.286610 12.402551 13.044299 16.004028 17.904486 24.913993 23.198724 23.506918 25.272769 15.609180 15.648010 13.498805 17.051476 17.630095 22.197211 23.336335 26.210350 25.163626 22.988415 22.336974 18.234506 19.599563 20.186890 20.353966 20.819915 16.156493 16.789264 19.268351 19.636038 22.376137 19.357764 19.010887 21.207854 17.271510 16.354537 12.029419 11.258921 13.155217 9.603771 12.129921 9.332450 13.043050 14.502911 18.046996 22.096602 27.377292 14.893899 19.896857 
10.308730 5.746578 7.222304 3.843807 7.735152 7.239106 11.090188 10.017146 6.835880 4.225126 0.000000 4.310388 6.675782 10.574001 11.577309 10.119480 11.200344 13.762087 12.322388 9.814059 10.591712 9.468807 8.345416 10.881876 11.841239 10.523927 11.949338 14.940796 16.324020 22.930981 21.295066 21.330881 23.614065 14.819639 13.597453 12.336272 15.194968 16.149061 20.168951 20.897303 23.673888 22.813211 20.781271 19.856435 15.773014 16.324852 16.750760 16.399073 16.724357 12.122164 12.954880 15.424950 15.977626 19.132764 16.401743 16.906888 19.197265 15.610675 15.760017 12.261653 9.879065 11.992483 8.715149 11.296458 9.463441 12.841160 15.542481 18.247157 22.631586 28.309121 11.419384 15.985934 
6.653421 3.049548 6.874471 6.335035 10.370500 11.108792 15.146261 14.135633 10.898715 7.073168 4.310388 0.000000 4.316457 6.849114 8.494137 7.913398 10.720179 14.278642 12.870451 10.723106 12.382601 11.717602 11.398031 14.108004 14.995198 14.079134 15.882216 18.789185 19.929877 26.139912 24.543124 24.106938 26.442576 17.888017 15.860776 14.406359 16.152664 16.183499 19.986951 19.816735 22.757718 22.328657 20.811076 20.468201 16.886253 16.754553 17.757654 16.347362 15.479149 10.828749 10.897312 13.544248 14.569758 17.959828 14.809472 15.903575 17.303868 13.353515 13.576046 10.717619 7.923993 11.460966 9.682613 13.051005 12.589765 15.935245 19.205058 21.516724 25.346135 31.319179 13.384819 16.529934 
8.984807 6.759464 9.916190 9.369286 13.019799 13.644905 17.526323 16.463520 13.380256 10.451313 6.675782 4.316457 0.000000 4.566377 5.003973 4.000617 7.255353 11.743372 9.965850 8.498515 11.010794 9.929299 10.658494 13.405795 13.800164 13.415332 15.785467 18.368904 19.181185 24.657410 23.486727 23.185733 26.160264 18.994605 16.129776 15.878522 17.013618 17.628874 20.576498 19.950359 22.614489 22.421898 21.096195 20.288131 16.869875 15.586770 16.011624 13.700117 12.458574 8.279093 8.737233 11.279125 12.846497 16.913190 14.450770 16.729222 18.145662 14.900805 16.196907 14.243566 10.566081 13.750292 12.259522 15.054715 14.865443 17.695652 21.341076 23.186444 27.439334 33.464682 11.459095 13.766700 
7.702914 8.113081 11.546592 12.578251 16.103294 17.466818 21.543678 20.583021 17.407021 13.873782 10.574001 6.849114 4.566377 0.000000 2.626409 4.446942 9.185001 13.801409 12.434246 11.531080 14.261711 13.891767 14.857433 17.510643 18.009339 17.873127 20.272197 22.828798 23.422545 28.535014 27.291782 26.471053 29.305641 22.338852 19.039394 18.518151 18.682911 18.414462 20.918351 19.346904 22.035778 22.333153 21.619250 21.454634 18.733586 16.948636 18.011532 14.842386 12.203181 8.715066 7.917792 10.260500 12.335561 16.337390 13.650876 16.509328 16.837532 13.639287 15.165063 14.315724 10.680001 14.484166 14.359323 17.473989 18.222529 21.014128 25.023590 26.557005 30.242982 36.476545 14.960265 15.637261 
10.057963 10.045035 13.036671 13.761799 17.079181 18.350402 22.325982 21.390924 18.325738 15.281770 11.577309 8.494137 5.003973 2.626409 0.000000 2.788894 7.407763 12.235187 10.783879 10.407422 13.383787 12.937149 14.349011 16.871877 17.158104 17.342129 19.913158 22.257840 22.613646 27.233696 26.191627 25.421206 28.550640 22.424058 18.788980 18.919390 18.867121 19.066740 21.084675 19.436192 21.882123 22.237553 21.558045 21.035020 18.409387 16.057319 16.719565 13.125315 10.330115 7.448698 7.032363 9.096827 11.428632 15.740236 13.662223 17.045212 17.612234 14.992180 17.061120 16.421163 12.428862 15.725966 15.473295 18.191591 18.966743 21.458773 25.606625 26.879777 30.808202 37.020173 13.789048 13.841100 
10.690722 9.616096 12.006713 12.253580 15.300381 16.493469 20.372725 19.549690 16.621185 14.148609 10.119480 7.913398 4.000617 4.446942 2.788894 0.000000 4.787576 9.672913 8.111974 7.628913 10.634428 10.238996 11.726077 14.173795 14.511470 14.871370 17.435913 19.741771 19.933197 24.530176 23.411756 22.665438 25.865786 19.992767 16.308470 16.814563 16.952057 17.714551 19.720200 18.531491 20.893607 21.000725 20.027523 19.098194 16.219330 13.892880 14.242407 10.949637 8.922776 5.525226 6.012347 8.190841 10.217080 14.638808 12.845767 16.103090 17.347310 14.961444 17.233165 16.306430 12.043516 14.739337 13.992180 16.331959 16.957448 19.230272 23.410462 24.547575 28.703554 34.843258 11.005841 11.396926 
14.251936 12.293314 13.346096 12.927211 15.022300 16.093377 19.551564 19.019296 16.562083 15.416072 11.200344 10.720179 7.255353 9.185001 7.407763 4.787576 0.000000 5.201894 3.388197 3.926607 7.008857 7.029211 9.106140 10.976305 11.249857 12.397071 14.947393 16.878086 16.410430 20.297306 19.174672 18.360764 21.899638 17.514693 13.474218 15.241550 15.299076 17.212580 18.579080 17.984682 19.882178 19.705872 18.421175 16.603169 13.644210 10.816897 10.120366 7.021746 6.760640 4.364774 6.619362 7.874313 9.181794 13.476906 12.850339 16.101784 18.274564 16.800144 19.583091 18.651670 14.166328 15.506990 14.230069 15.464598 16.022230 17.490574 21.772388 22.318431 26.841012 32.776096 6.962852 6.793417 
17.386693 15.206973 14.740706 14.390927 15.072855 16.553864 19.537232 19.578489 17.704331 17.683103 13.762087 14.278642 11.743372 13.801409 12.235187 9.672913 5.201894 0.000000 2.642322 4.066147 4.800004 7.186113 8.906206 9.536927 10.371509 12.421645 14.405959 15.950850 14.432784 17.376723 15.650808 13.888878 17.348805 14.826306 10.299089 13.332569 12.781783 15.699188 16.123710 16.226319 17.522114 17.010049 15.465078 12.815506 10.154465 6.843180 5.027587 3.267744 6.527024 6.065211 8.538696 8.604375 8.452965 11.623078 12.294230 15.110247 18.085053 17.732771 20.963771 20.362002 15.912358 15.688225 14.418684 14.309359 15.378585 15.691357 20.213744 19.714979 24.112117 29.834089 5.244005 2.354122 
16.715752 14.270092 14.476067 13.604952 14.896320 15.817428 18.830333 18.554118 16.539908 16.354526 12.322388 12.870451 9.965850 12.434246 10.783879 8.111974 3.388197 2.642322 0.000000 2.760806 4.808506 5.478286 7.706567 8.830576 9.155295 10.932975 13.264640 14.870560 13.844932 17.240559 15.995499 15.113284 18.866342 15.616676 11.512449 14.201230 14.352147 17.081284 18.091324 18.108730 19.668662 19.198250 17.614883 15.137875 12.088654 9.248374 7.486466 5.464588 7.445296 6.131094 8.719543 9.384751 9.877431 13.576680 13.663997 16.527218 19.313729 18.339940 21.243118 20.217063 15.804371 16.243206 14.573004 14.945439 15.352492 16.154985 20.361975 20.476731 25.223463 30.924505 4.307639 4.104556 
14.840011 11.976203 11.957612 10.872885 12.180683 13.155913 16.345759 16.099645 13.984405 13.771003 9.814059 10.723106 8.498515 11.531080 10.407422 7.628913 3.926607 4.066147 2.760806 0.000000 3.155025 4.196931 5.743301 7.374242 8.249861 9.582395 11.787533 13.842972 13.167780 17.597274 15.976198 15.075168 18.425777 13.704783 9.874309 11.982983 12.694334 15.321504 17.015733 17.373041 19.249997 18.581237 16.751234 14.509046 10.941340 9.064307 8.042119 7.072524 8.831662 5.970845 8.404000 9.651028 9.935973 13.500894 12.889760 15.172637 18.130890 16.719261 19.265949 17.870265 13.620977 14.038255 12.001563 12.535977 12.742000 13.854699 18.071293 18.509700 23.251094 29.052382 3.726450 6.185549 
16.445580 13.233866 12.226034 10.820662 11.047416 12.038983 14.787592 14.933178 13.307334 14.033784 10.591712 12.382601 11.010794 14.261711 13.383787 10.634428 7.008857 4.800004 4.808506 3.155025 0.000000 4.294514 4.679411 5.305083 6.981176 8.655553 10.256476 12.233751 11.091482 15.647502 13.471506 12.245600 15.387040 10.845700 7.083464 9.901995 11.003091 14.344244 16.000480 17.136395 18.822275 17.775244 15.556543 12.878895 8.987720 8.037250 6.638706 7.772979 10.706123 8.230884 10.540085 11.501990 11.069284 13.797577 13.478455 14.976481 18.490675 17.406638 19.856128 18.318113 14.370407 13.823163 11.375792 10.952015 11.014007 11.431182 15.639210 15.685940 20.567069 26.210907 2.806537 6.583267 
17.111503 13.442092 13.585303 11.033967 12.261409 11.778675 14.206639 13.705400 12.044014 12.888991 9.468807 11.717602 9.929299 13.891767 12.937149 10.238996 7.029211 7.186113 5.478286 4.196931 4.294514 0.000000 2.782026 4.384268 4.338408 5.524350 7.974001 9.886296 9.696183 14.770384 13.655757 14.158152 17.885625 13.205348 10.589654 12.899781 14.880691 17.936205 20.078231 21.015348 22.872401 21.933451 19.759242 17.169667 13.194432 12.195979 10.311416 10.448496 12.721894 10.058393 12.418552 13.815798 14.108182 17.474855 16.802498 18.526090 21.726967 19.940267 21.909436 19.718494 15.974330 16.406083 13.384278 13.623048 12.309202 13.400266 16.620195 17.689134 23.133823 28.477344 2.653155 8.611586 
16.850680 12.790381 12.373488 9.309321 10.029823 9.220565 11.490365 11.153438 9.697930 11.194283 8.345416 11.398031 10.658494 14.857433 14.349011 11.726077 9.106140 8.906206 7.706567 5.743301 4.679411 2.782026 0.000000 2.799870 3.992349 4.368180 6.196169 8.662512 8.779820 14.816774 13.216048 13.692073 16.898944 11.024558 9.199678 11.034048 13.771634 16.881528 19.495330 20.917260 22.886548 21.705829 19.279191 16.793372 12.529571 12.560537 11.099450 12.120197 14.547800 11.399317 13.553341 15.106268 15.086258 18.051161 17.061414 18.068700 21.490981 19.523793 21.100116 18.537841 15.210550 15.273664 11.759629 11.739507 9.808760 10.954293 13.912937 15.293430 20.829528 26.105456 4.286339 10.513925 
19.350678 15.303247 14.362860 11.333338 11.151654 10.211998 11.634210 11.666752 10.946326 13.284702 10.881876 14.108004 13.405795 17.510643 16.871877 14.173795 10.976305 9.536927 8.830576 7.374242 5.305083 4.384268 2.799870 0.000000 2.807664 4.224736 5.094566 7.010028 6.325033 12.334867 10.474634 11.199432 14.528589 9.832649 8.467259 11.124009 13.936644 17.579925 19.838550 21.675388 23.359467 21.988011 19.392082 16.490178 12.324548 12.653455 10.639736 12.624818 15.760589 13.172207 15.447692 16.682952 16.344217 18.889963 18.366904 19.133370 22.857225 21.302666 22.994196 20.518747 17.301999 16.735581 13.177080 12.328223 10.279144 10.477250 13.071133 13.982462 19.773835 24.706248 4.622293 10.711094 
20.712324 16.645052 16.339825 13.050520 13.443122 11.909529 13.021053 12.636913 11.987005 14.286610 11.841239 14.995198 13.800164 18.009339 17.158104 14.511470 11.249857 10.371509 9.155295 8.249861 6.981176 4.338408 3.992349 2.807664 0.000000 2.824194 4.539206 5.718821 5.498000 11.214187 10.389439 12.268290 16.140646 12.464505 11.186544 13.906119 16.629299 20.208795 22.375931 23.966075 25.621052 24.375094 21.887245 18.888767 14.846436 14.615141 12.123908 13.521486 16.518176 14.218648 16.610312 17.862566 17.852978 20.762008 20.340689 21.507053 25.072380 23.382761 25.073423 22.488841 19.200377 19.102036 15.536801 15.010745 12.698921 13.104612 15.169128 16.367297 22.309764 26.983941 5.147893 11.234644 
20.172997 15.846550 15.824923 11.988819 12.693545 10.342076 11.194431 10.430869 9.853113 12.402551 10.523927 14.079134 13.415332 17.873127 17.342129 14.871370 12.397071 12.421645 10.932975 9.582395 8.655553 5.524350 4.368180 4.224736 2.824194 0.000000 2.900020 4.959722 6.441116 12.912830 12.273241 14.485033 17.963462 12.977243 12.426533 14.311003 17.608925 20.862435 23.583475 25.219873 27.119649 25.844283 23.298702 20.591758 16.342959 16.531699 14.477639 15.664093 18.236389 15.378649 17.589172 19.167536 19.305915 22.334380 21.427162 22.333816 25.780162 23.608604 24.820732 21.782918 18.884460 19.125914 15.235230 15.078830 12.040161 13.010339 14.436996 16.467257 22.463134 27.044643 7.236862 13.572608 
21.807357 17.333057 16.778070 12.752420 12.674012 9.875461 9.658444 9.205338 9.538358 13.044299 11.949338 15.882216 15.785467 20.272197 19.913158 17.435913 14.947393 14.405959 13.264640 11.787533 10.256476 7.974001 6.196169 5.094566 4.539206 2.900020 0.000000 3.090436 5.179125 12.226753 11.290353 13.846452 16.851884 11.863550 12.401486 14.135651 17.879252 21.294747 24.126513 26.219658 28.048767 26.554907 23.813579 21.045515 16.793701 17.663351 15.664588 17.574456 20.470998 17.580881 19.744913 21.278404 21.141655 23.782294 22.890941 23.274748 26.936389 24.836430 25.816448 22.588497 20.083169 19.847212 15.721365 15.052021 11.498678 11.994072 12.500236 14.709230 20.836080 24.982336 9.226791 15.500373 
24.791775 20.352887 19.820288 15.841008 15.607381 12.778160 11.948878 11.574487 12.353712 16.004028 14.940796 18.789185 18.368904 22.828798 22.257840 19.741771 16.878086 15.950850 14.870560 13.842972 12.233751 9.886296 8.662512 7.010028 5.718821 4.959722 3.090436 0.000000 3.568753 9.933325 9.784143 13.468056 16.726414 13.576396 14.298352 16.552582 20.133198 23.821544 26.326543 28.513684 30.134038 28.602030 25.838132 22.772965 18.714896 19.406405 16.908485 19.015853 22.210468 19.784420 22.088110 23.439882 23.283701 25.871444 25.333285 25.833097 29.596042 27.709279 28.827532 25.661942 23.096480 22.733073 18.660040 17.706298 14.227813 14.208302 14.183267 16.046043 22.251271 25.851321 10.777756 16.658861 
25.513062 21.285767 20.299936 16.837842 16.122697 14.153784 13.667660 13.795482 14.416166 17.904486 16.324020 19.929877 19.181185 23.422545 22.613646 19.933197 16.410430 14.432784 13.844932 13.167780 11.091482 9.696183 8.779820 6.325033 5.498000 6.441116 5.179125 3.568753 0.000000 7.164812 6.326393 10.041070 13.635871 12.362976 12.653506 15.742064 18.774102 22.840755 24.733389 27.028644 28.329519 26.755057 24.006278 20.621329 16.878590 17.422776 14.572094 17.227699 20.912163 19.054916 21.466829 22.455659 22.024582 24.265456 24.257339 24.824670 28.767442 27.449501 29.021618 26.317178 23.432164 22.554793 18.791244 17.301934 14.556032 13.774018 14.395275 15.135027 21.254791 24.869244 9.670774 14.796966 
31.506730 27.583963 26.564020 23.542267 22.695424 21.194838 20.615255 20.881142 21.576309 24.913993 22.930981 26.139912 24.657410 28.535014 27.233696 24.530176 20.297306 17.376723 17.240559 17.597274 15.647502 14.770384 14.816774 12.334867 11.214187 12.912830 12.226753 9.933325 7.164812 0.000000 4.400351 9.605528 13.676172 17.343227 17.117746 21.114050 23.167302 27.595283 28.380244 30.594684 31.254202 29.757600 27.223915 23.332014 20.510076 20.281375 16.613660 19.407418 23.527290 23.031172 25.582566 25.965028 25.424749 27.324698 28.306876 29.301526 33.300100 32.730958 34.880777 32.679779 29.417332 28.246934 24.936190 23.047594 21.047095 19.574035 20.239050 19.769430 25.386727 28.175890 13.884005 16.741117 
29.401585 25.556382 23.925146 21.246675 19.798708 18.854742 18.386115 19.090544 19.799466 23.198724 21.295066 24.543124 23.486727 27.291782 26.191627 23.411756 19.174672 15.650808 15.995499 15.976198 13.471506 13.655757 13.216048 10.474634 10.389439 12.273241 11.290353 9.784143 6.326393 4.400351 0.000000 5.582728 9.455718 13.454022 13.440284 17.483356 19.424236 23.934832 24.636913 27.195650 27.794581 26.121115 23.462861 19.594766 16.865073 17.269217 13.974839 17.591341 21.949879 21.221672 23.654894 23.978155 23.058224 24.454450 25.428847 25.941759 30.093708 29.771823 31.915808 29.895519 26.779138 25.066894 21.906902 19.582662 17.968850 15.998002 16.952908 15.838371 21.247389 24.224132 12.407853 15.250600 
27.918960 24.570289 22.273563 20.569749 18.576777 18.920518 19.150124 20.288504 20.608657 23.506918 21.330881 24.106938 23.185733 26.471053 25.421206 22.665438 18.360764 13.888878 15.113284 15.075168 12.245600 14.158152 13.692073 11.199432 12.268290 14.485033 13.846452 13.468056 10.041070 9.605528 5.582728 0.000000 5.034937 11.203540 10.352508 14.745432 15.581017 20.166451 20.082916 22.818311 23.047373 21.290408 18.705097 14.732648 12.759551 13.430764 10.622230 15.113719 19.659492 19.305327 21.495316 21.411542 19.972040 20.497404 21.923389 22.146725 26.355743 26.769910 29.276042 27.944235 24.752281 22.340448 19.902658 17.090989 16.817010 14.257303 16.394638 13.926799 18.442640 21.929615 12.202657 13.440816 
29.578468 26.382165 23.371468 22.079582 19.260742 20.067988 19.910984 21.540111 22.199743 25.272769 23.614065 26.442576 26.160264 29.305641 28.550640 25.865786 21.899638 17.348805 18.866342 18.425777 15.387040 17.885625 16.898944 14.528589 16.140646 17.963462 16.851884 16.726414 13.635871 13.676172 9.455718 5.034937 0.000000 10.638941 11.082359 14.625498 15.214519 19.610964 19.261757 22.680384 22.631777 20.551845 17.853093 14.217184 13.037593 15.011489 13.358792 18.263235 22.656862 22.091890 23.971744 23.818352 21.955781 21.548464 22.947699 22.205643 26.509116 27.326526 29.603224 28.460243 25.806811 22.621303 20.494739 17.049216 17.230504 13.907621 15.552116 11.887228 15.134525 17.937036 16.039110 17.164068 
20.865505 17.343708 13.964172 12.421783 8.972631 10.167191 10.651961 12.517433 12.822175 15.609180 14.819639 17.888017 18.994605 22.338852 22.424058 19.992767 17.514693 14.826306 15.616676 13.704783 10.845700 13.205348 11.024558 9.832649 12.464505 12.977243 11.863550 13.576396 12.362976 17.343227 13.454022 11.203540 10.638941 0.000000 4.973890 5.431815 8.982810 12.728525 15.148235 18.657264 20.061379 17.933423 14.804211 12.530792 9.022129 12.751210 12.871016 16.745696 20.006657 17.304008 18.765242 19.642268 18.089066 18.441805 17.801623 16.135667 20.388183 19.683184 20.859878 18.785357 16.898768 13.910966 10.865473 7.454307 6.751797 3.273340 6.727736 4.895708 10.033266 15.406026 12.549507 16.104197 
18.514721 15.450075 12.383039 11.692965 9.303547 11.495039 13.450982 14.726195 13.993808 15.648010 13.597453 15.860776 16.129776 19.039394 18.788980 16.308470 13.474218 10.299089 11.512449 9.874309 7.083464 10.589654 9.199678 8.467259 11.186544 12.426533 12.401486 14.298352 12.653506 17.117746 13.440284 10.352508 11.082359 4.973890 0.000000 4.728248 6.191743 10.551382 12.225189 15.072450 16.454761 14.613967 11.675211 8.933992 4.798184 7.846668 8.191031 11.905790 15.166955 12.862459 14.394803 14.979196 13.351759 13.899081 13.671877 12.958915 17.240285 16.948299 19.046898 17.711270 14.776331 12.041192 9.746439 6.948985 8.204209 6.481156 11.293273 9.705665 13.826756 19.583413 9.310530 11.592902 
16.134056 13.230100 9.343862 9.339228 6.025386 9.461759 11.825992 13.304019 12.389160 13.498805 12.336272 14.406359 15.878522 18.518151 18.919390 16.814563 15.241550 13.332569 14.201230 11.982983 9.901995 12.899781 11.034048 11.124009 13.906119 14.311003 14.135651 16.552582 15.742064 21.114050 17.483356 14.745432 14.625498 5.431815 4.728248 0.000000 4.855694 7.781040 11.184334 14.261298 16.221686 14.318932 11.393531 10.236683 6.533526 10.433038 12.086106 14.896223 17.161037 13.961017 14.846814 15.862037 14.283374 14.541919 13.104105 11.092495 15.195295 14.267247 15.531631 13.887314 11.838451 8.525853 6.083631 2.436403 5.312696 4.426942 9.686499 8.901232 11.937445 18.213571 12.394335 15.082515 
16.436995 14.699467 10.849691 12.478594 10.035053 13.955085 16.648066 18.005949 16.753689 17.051476 15.194968 16.152664 17.013618 18.682911 18.867121 16.952057 15.299076 12.781783 14.352147 12.694334 11.003091 14.880691 13.771634 13.936644 16.629299 17.608925 17.879252 20.133198 18.774102 23.167302 19.424236 15.581017 15.214519 8.982810 6.191743 4.855694 0.000000 4.587765 6.475725 9.716675 11.420607 9.478309 6.569313 5.972672 3.663394 7.713407 10.685658 13.265885 15.200666 12.885360 13.336188 13.643119 11.495407 10.526809 9.702574 7.438949 11.799977 12.321949 14.667462 14.583936 12.027054 8.077799 8.182812 5.691515 10.013961 9.061617 14.202168 12.295921 13.877198 20.169658 13.747603 14.268670 
14.651732 14.038952 10.056628 13.143804 11.152701 15.603183 18.668129 19.911989 18.322879 17.630095 16.149061 16.183499 17.628874 18.414462 19.066740 17.714551 17.212580 15.699188 17.081284 15.321504 14.344244 17.936205 16.881528 17.579925 20.208795 20.862435 21.294747 23.821544 22.840755 27.595283 23.934832 20.166451 19.610964 12.728525 10.551382 7.781040 4.587765 0.000000 5.135852 7.680420 10.079270 8.515552 6.585027 8.539599 7.833824 10.719471 14.343004 15.851579 16.604499 14.038193 13.632931 14.027389 12.009640 10.467409 8.443310 4.337000 8.176906 8.838154 10.951748 11.857126 10.052760 5.591499 8.046380 7.092916 11.927097 11.901605 16.692876 15.296053 15.628051 21.928613 17.150480 17.366100 
18.276547 18.132010 14.596413 17.579394 15.689942 19.959216 22.868912 24.184564 22.688133 22.197211 20.168951 19.986951 20.576498 20.918351 21.084675 19.720200 18.579080 16.123710 18.091324 17.015733 16.000480 20.078231 19.495330 19.838550 22.375931 23.583475 24.126513 26.326543 24.733389 28.380244 24.636913 20.082916 19.261757 15.148235 12.225189 11.184334 6.475725 5.135852 0.000000 4.476728 5.541801 3.496842 2.021012 5.809757 7.947730 9.811558 13.723781 15.306144 16.151592 15.044386 14.599700 14.028477 11.502936 8.228253 8.227932 5.216302 8.417515 11.410810 14.527020 16.435369 14.173261 10.291265 12.790274 11.380392 16.120178 15.319975 20.213418 17.804124 17.669889 23.570406 18.691810 17.229543 
17.175188 18.009510 15.277434 18.820515 17.855707 22.139563 25.528649 26.523244 24.586005 23.336335 20.897303 19.816735 19.950359 19.346904 19.436192 18.531491 17.984682 16.226319 18.108730 17.373041 17.136395 21.015348 20.917260 21.675388 23.966075 25.219873 26.219658 28.513684 27.028644 30.594684 27.195650 22.818311 22.680384 18.657264 15.072450 14.261298 9.716675 7.680420 4.476728 0.000000 3.225918 3.777167 5.362873 8.548644 10.599724 10.614972 14.693071 14.835701 14.451866 13.910574 12.835615 11.856579 9.550137 5.723208 5.774276 4.630848 5.725774 9.828581 13.713392 16.558705 13.912221 11.177497 14.432814 14.110761 18.785113 18.638456 23.747815 21.784284 22.016080 28.001090 19.692733 17.266510 
20.331329 21.083716 18.310135 21.629761 20.424802 24.637855 27.825019 28.938020 27.164297 26.210350 23.673888 22.757718 22.614489 22.035778 21.882123 20.893607 19.882178 17.522114 19.668662 19.249997 18.822275 22.872401 22.886548 23.359467 25.621052 27.119649 28.048767 30.134038 28.329519 31.254202 27.794581 23.047373 22.631777 20.061379 16.454761 16.221686 11.420607 10.079270 5.541801 3.225918 0.000000 2.527526 5.514675 8.532640 11.718835 11.466590 15.305544 15.723507 15.640351 15.931111 15.046140 13.637759 11.203210 6.748307 8.401125 7.745022 8.617649 12.993238 16.824037 19.734196 17.104194 14.210128 17.225724 16.426360 21.086477 20.475579 25.524182 23.039621 22.953211 28.622296 21.264890 18.186260 
20.358727 20.624292 17.465419 20.529212 18.913196 23.106811 26.070673 27.327766 25.759403 25.163626 22.813211 22.328657 22.421898 22.333153 22.237553 21.000725 19.705872 17.010049 19.198250 18.581237 17.775244 21.933451 21.705829 21.988011 24.375094 25.844283 26.554907 28.602030 26.755057 29.757600 26.121115 21.290408 20.551845 17.933423 14.613967 14.318932 9.478309 8.515552 3.496842 3.777167 2.527526 0.000000 3.155297 6.576042 9.941373 10.538517 14.368915 15.535951 16.099582 15.984371 15.401204 14.246323 11.650268 7.464946 8.843087 7.255670 9.237284 13.176865 16.736555 19.195799 16.692404 13.277122 15.954955 14.688463 19.348079 18.445335 23.385035 20.706777 20.490023 26.118035 20.301645 17.747473 
19.582067 19.181006 15.711438 18.336266 16.360092 20.447498 23.209330 24.563256 23.183511 22.988415 20.781271 20.811076 21.096195 21.619250 21.558045 20.027523 18.421175 15.465078 17.614883 16.751234 15.556543 19.759242 19.279191 19.392082 21.887245 23.298702 23.813579 25.838132 24.006278 27.223915 23.462861 18.705097 17.853093 14.804211 11.675211 11.393531 6.569313 6.585027 2.021012 5.362873 5.514675 3.155297 0.000000 4.108760 7.156802 8.825066 12.560857 14.487495 15.744308 15.069230 14.884008 14.092605 11.440537 8.023076 8.935207 6.794565 10.075485 13.094924 16.363195 18.076940 15.545939 11.735969 13.761899 11.998011 16.551315 15.405558 20.311022 17.577452 17.646744 23.404997 18.151022 16.344305 
20.536603 19.351036 16.059078 17.749408 15.701219 19.260313 21.741285 23.083074 21.917991 22.336974 19.856435 20.468201 20.288131 21.454634 21.035020 19.098194 16.603169 12.815506 15.137875 14.509046 12.878895 17.169667 16.793372 16.490178 18.888767 20.591758 21.045515 22.772965 20.621329 23.332014 19.594766 14.732648 14.217184 12.530792 8.933992 10.236683 5.972672 8.539599 5.809757 8.548644 8.532640 6.576042 4.108760 0.000000 4.436375 6.053620 9.106848 12.002490 14.334637 13.957097 14.473027 13.659359 11.027154 8.564327 10.224381 9.335243 13.146718 15.426876 18.745427 19.667690 16.621916 13.070602 13.865192 11.576319 15.455864 13.850356 18.754887 15.796159 16.937282 22.573653 15.257439 13.414113 
17.990604 16.023116 12.797823 13.753499 11.753930 15.022182 17.576721 18.794129 17.597341 18.234506 15.773014 16.886253 16.869875 18.733586 18.409387 16.219330 13.644210 10.154465 12.088654 10.941340 8.987720 13.194432 12.529571 12.324548 14.846436 16.342959 16.793701 18.714896 16.878590 20.510076 16.865073 12.759551 13.037593 9.022129 4.798184 6.533526 3.663394 7.833824 7.947730 10.599724 11.718835 9.941373 7.156802 4.436375 0.000000 4.705626 7.224678 10.452392 13.168638 11.642116 12.616563 12.537383 10.320725 9.678005 10.080242 9.411283 13.679041 14.527660 17.417499 17.330652 14.099116 10.891355 10.467731 8.118288 11.438470 10.127497 15.257437 13.051618 15.531099 21.508067 11.536645 11.271753 
17.939648 16.409695 14.239489 15.284436 14.468015 17.383540 20.318005 21.097379 19.494598 19.599563 16.324852 16.754553 15.586770 16.948636 16.057319 13.892880 10.816897 6.843180 9.248374 9.064307 8.037250 12.195979 12.560537 12.653455 14.615141 16.531699 17.663351 19.406405 17.422776 20.281375 17.269217 13.430764 15.011489 12.751210 7.846668 10.433038 7.713407 10.719471 9.811558 10.614972 11.466590 10.538517 8.825066 6.053620 4.705626 0.000000 4.118416 6.096113 8.913793 8.677427 9.867905 9.133864 6.992521 7.198689 8.797382 10.390571 13.950742 15.046397 18.653723 19.002544 14.987332 12.936455 12.888425 11.670954 14.572982 13.909639 19.029567 17.216202 20.164607 26.025099 10.159411 7.549304 
20.209259 18.060229 16.381777 16.347132 15.717899 17.700286 20.190744 20.814923 19.474882 20.186890 16.750760 17.757654 16.011624 18.011532 16.719565 14.242407 10.120366 5.027587 7.486466 8.042119 6.638706 10.311416 11.099450 10.639736 12.123908 14.477639 15.664588 16.908485 14.572094 16.613660 13.974839 10.622230 13.358792 12.871016 8.191031 12.086106 10.685658 14.343004 13.723781 14.693071 15.305544 14.368915 12.560857 9.106848 7.224678 4.118416 0.000000 4.957196 9.312389 9.656874 11.607220 11.011664 9.592907 10.786468 12.511045 14.387714 17.937797 18.617257 22.032321 21.798331 17.668401 16.055938 15.057927 13.690973 15.432945 14.559252 19.180619 17.499063 21.344151 26.802368 7.811668 4.823295 
18.439431 16.978489 16.374894 16.783698 17.313443 19.305337 22.398198 22.569561 20.644987 20.353966 16.399073 16.347362 13.700117 14.842386 13.125315 10.949637 7.021746 3.267744 5.464588 7.072524 7.772979 10.448496 12.120197 12.624818 13.521486 15.664093 17.574456 19.015853 17.227699 19.407418 17.591341 15.113719 18.263235 16.745696 11.905790 14.896223 13.265885 15.851579 15.306144 14.835701 15.723507 15.535951 14.487495 12.002490 10.452392 6.096113 4.957196 0.000000 4.594211 6.383298 8.307546 7.355732 6.915108 9.675704 11.279384 14.618374 17.264278 17.682106 21.387688 21.509740 16.963364 16.523803 16.071757 15.879821 17.706656 17.780968 22.573106 21.564454 25.428484 31.189509 8.446814 2.889596 
16.491205 16.067968 16.265655 17.439244 18.738701 20.993749 24.578355 24.499640 22.114164 20.819915 16.724357 15.479149 12.458574 12.203181 10.330115 8.922776 6.760640 6.527024 7.445296 8.831662 10.706123 12.721894 14.547800 15.760589 16.518176 18.236389 20.470998 22.210468 20.912163 23.527290 21.949879 19.659492 22.656862 20.006657 15.166955 17.161037 15.200666 16.604499 16.151592 14.451866 15.640351 16.099582 15.744308 14.334637 13.168638 8.913793 9.312389 4.594211 0.000000 4.771369 5.591963 4.033159 5.111546 8.941461 9.973973 14.290729 15.846132 16.084576 19.950274 20.616954 15.967500 16.474483 16.820111 17.564476 19.718362 20.468808 25.425372 24.814144 28.364618 34.415353 11.448143 6.839630 
12.297229 11.361785 11.716217 12.807200 14.489845 16.724619 20.545464 20.360375 17.776385 16.156493 12.122164 10.828749 8.279093 8.715066 7.448698 5.525226 4.364774 6.065211 6.131094 5.970845 8.230884 10.058393 11.399317 13.172207 14.218648 15.378649 17.580881 19.784420 19.054916 23.031172 21.221672 19.305327 22.091890 17.304008 12.862459 13.961017 12.885360 14.038193 15.044386 13.910574 15.931111 15.984371 15.069230 13.957097 11.642116 8.677427 9.656874 6.383298 4.771369 0.000000 2.596347 3.885708 5.096605 9.502676 8.589467 12.230981 14.096218 13.091380 16.405402 16.367123 11.699174 12.701822 12.602899 13.946343 15.773974 17.138619 21.985250 22.035289 25.730555 31.934171 9.496513 7.824182 
10.935177 10.981609 11.482718 13.409938 15.217956 17.835763 21.851432 21.678405 18.940008 16.789264 12.954880 10.897312 8.737233 7.917792 7.032363 6.012347 6.619362 8.538696 8.719543 8.404000 10.540085 12.418552 13.553341 15.447692 16.610312 17.589172 19.744913 22.088110 21.466829 25.582566 23.654894 21.495316 23.971744 18.765242 14.394803 14.846814 13.336188 13.632931 14.599700 12.835615 15.046140 15.401204 14.884008 14.473027 12.616563 9.867905 11.607220 8.307546 5.591963 2.596347 0.000000 2.659688 4.452898 8.746957 7.183999 11.175033 12.325917 11.285376 14.767594 15.294715 10.672275 12.037099 12.758688 14.503618 16.786999 18.341401 23.284033 23.339264 26.584210 32.907316 12.003391 10.168596 
13.215705 13.520457 13.609163 15.683687 17.076031 19.880282 23.785504 23.764320 21.160561 19.268351 15.424950 13.544248 11.279125 10.260500 9.096827 8.190841 7.874313 8.604375 9.384751 9.651028 11.501990 13.815798 15.106268 16.682952 17.862566 19.167536 21.278404 23.439882 22.455659 25.965028 23.978155 21.411542 23.818352 19.642268 14.979196 15.862037 13.643119 14.027389 14.028477 11.856579 13.637759 14.246323 14.092605 13.659359 12.537383 9.133864 11.011664 7.355732 4.033159 3.885708 2.659688 0.000000 2.722132 7.038250 6.659604 11.191260 12.216443 12.212254 16.137035 17.217394 12.664135 13.406434 14.505739 15.775587 18.447266 19.573464 24.679819 24.249246 27.271335 33.547845 12.940272 9.745099 
14.085618 14.167848 13.370359 15.635408 16.357091 19.513285 23.285868 23.543986 21.144523 19.636038 15.977626 14.569758 12.846497 12.335561 11.428632 10.217080 9.181794 8.452965 9.877431 9.935973 11.069284 14.108182 15.086258 16.344217 17.852978 19.305915 21.141655 23.283701 22.024582 25.424749 23.058224 19.972040 21.955781 18.089066 13.351759 14.283374 11.495407 12.009640 11.502936 9.550137 11.203210 11.650268 11.440537 11.027154 10.320725 6.992521 9.592907 6.915108 5.111546 5.096605 4.452898 2.722132 0.000000 4.550438 4.895286 9.266254 10.848762 11.596753 15.739516 17.016705 12.585190 12.347292 13.667170 14.383845 17.518700 18.219724 23.463119 22.584845 25.271890 31.509615 12.893561 9.546078 
16.543385 16.962930 15.183004 17.996918 17.816547 21.527491 25.090514 25.740345 23.603181 22.376137 19.132764 17.959828 16.913190 16.337390 15.740236 14.638808 13.476906 11.623078 13.576680 13.500894 13.797577 17.474855 18.051161 18.889963 20.762008 22.334380 23.782294 25.871444 24.265456 27.324698 24.454450 20.497404 21.548464 18.441805 13.899081 14.541919 10.526809 10.467409 8.228253 5.723208 6.748307 7.464946 8.023076 8.564327 9.678005 7.198689 10.786468 9.675704 8.941461 9.502676 8.746957 7.038250 4.550438 0.000000 4.198268 7.412610 8.966786 11.544124 15.916183 18.009887 14.164692 12.626341 14.801187 14.778666 18.744731 18.806452 24.136508 22.477514 24.152459 30.254008 15.949553 12.374965 
12.603585 13.408791 11.685392 15.085685 15.274455 19.168415 23.009759 23.529752 21.156008 19.357764 16.401743 14.809472 14.450770 13.650876 13.662223 12.845767 12.850339 12.294230 13.663997 12.889760 13.478455 16.802498 17.061414 18.366904 20.340689 21.427162 22.890941 25.333285 24.257339 28.306876 25.428847 21.923389 22.947699 17.801623 13.671877 13.104105 9.702574 8.443310 8.227932 5.774276 8.401125 8.843087 8.935207 10.224381 10.080242 8.797382 12.511045 11.279384 9.973973 8.589467 7.183999 6.659604 4.895286 4.198268 0.000000 4.773711 6.021377 7.478933 11.837629 13.953570 10.179533 9.117985 11.821136 12.674542 16.662757 17.430779 22.684438 21.713195 23.366338 29.700756 15.848001 13.711730 
13.298818 13.826942 10.806481 14.573222 13.725771 18.097316 21.643492 22.540694 20.490441 19.010887 16.906888 15.903575 16.729222 16.509328 17.045212 16.103090 16.101784 15.110247 16.527218 15.172637 14.976481 18.526090 18.068700 19.133370 21.507053 22.333816 23.274748 25.833097 24.824670 29.301526 25.941759 22.146725 22.205643 16.135667 12.958915 11.092495 7.438949 4.337000 5.216302 4.630848 7.745022 7.255670 6.794565 9.335243 9.411283 10.390571 14.387714 14.618374 14.290729 12.230981 11.175033 11.191260 9.266254 7.412610 4.773711 0.000000 4.375448 6.309027 9.871919 12.101005 9.528991 6.557421 10.069446 10.361385 14.969226 15.444530 20.472664 19.267397 19.911993 26.191576 17.677009 16.688280 
